65 1
485 1
242 1
29 -1
530 1
57 1
172 1
484 1
68 1
299 -1
466 1
37 1
188 1
584 -1
183 -1
534 1
483 1
162 1
417 1
117 1
226 1
231 1
568 1
232 1
473 1
509 1
294 -1
75 -1
430 1
50 1
204 -1
137 -1
436 1
415 1
559 0
36 1
465 1
143 -1
260 -1
157 -1
445 1
131 1
304 -1
141 1
23 1
535 1
197 0
175 1
243 1
431 1
540 1
228 -1
193 1
97 -1
74 -1
497 1
560 1
17 1
214 1
24 -1
363 1
48 0
472 -1
133 1
355 1
107 -1
518 1
58 1
474 1
556 1
569 1
155 1
55 1
494 1
410 1
479 1
505 1
15 -1
516 -1
45 1
254 -1
55 1
161 1
409 1
147 1
456 1
132 1
520 1
194 1
519 1
586 1
261 -1
276 1
439 1
341 1
35 1
130 1
166 1
83 -1
554 0
140 1
287 1
440 1
502 1
419 1
323 1
259 1
522 1
18 1
539 1
106 -1
167 1
480 1
236 0
127 1
359 1
322 1
40 1
145 1
481 0
148 1
444 1
354 1
487 0
382 1
238 1
482 0
533 1
427 1
269 -1
185 1
22 1
126 1
68 1
504 1
218 1
343 -1
2 0
490 1
468 1
34 1
437 1
41 1
151 1
251 1
585 -1
256 1
108 1
356 0
526 1
44 1
30 -1
425 1
174 1
71 1
582 1
160 1
244 1
425 1
501 0
435 0
335 -1
362 1
273 1
448 1
406 1
217 1
270 -1
120 1
163 1
9 1
220 0
149 1
208 1
142 -1
416 1
4 1
486 1
292 1
310 1
56 1
367 1
46 1
277 1
10 1
414 1
333 1
257 1
458 1
156 -1
49 1
364 1
32 1
429 0
227 -1
25 -1
499 1
84 -1
39 1
8 1
187 1
503 1
510 1
434 0
528 1
575 1
278 1
206 -1
441 1
38 1
275 1
33 1
11 -1
390 1
219 1
298 1
358 1
488 1
240 1
339 0
433 0
7 1
506 1
538 1
87 1
114 1
184 -1
342 1
274 1
571 1
469 1
241 1
67 1
139 -1
146 1
27 1
268 1
43 1
493 1
489 1
557 1
293 1
470 1
558 0
475 1
553 0
420 1
209 1
5 1
426 1
12 -1
14 1
64 1
344 -1
253 1
152 1
380 1
225 1
443 1
500 1
26 1
580 1
61 -1
0 0
527 1
432 1
297 1
583 1
340 1
150 1
476 1
173 1
239 1
19 1
457 1
42 1
405 1
66 1
334 1
428 1
438 1
515 -1
213 1
459 1
95 0
352 1
424 1
21 1
1 0
20 1
517 1
136 -1
379 1
309 1
70 1
89 1
661 1
279 0
552 1
88 1
471 -1
324 1
237 1
13 1
16 -1
69 1
423 1
551 1
561 1
555 1
529 0
321 1